Classification report (test set)
              precision    recall  f1-score   support

           A       0.94      0.96      0.95       331
           B       0.94      0.95      0.95       432
           C       0.93      0.88      0.91       310
           D       0.91      0.98      0.94       245
           E       0.87      0.98      0.92       498
           F       0.76      0.89      0.82       247
           G       0.89      0.88      0.88       348
           H       1.00      0.94      0.96       436
           I       0.92      0.72      0.81       288
           K       0.70      0.61      0.65       331
           L       0.86      1.00      0.92       209
           M       0.89      0.75      0.82       394
           N       0.85      0.69      0.76       291
           O       0.95      0.87      0.91       246
           P       0.98      1.00      0.99       347
           Q       0.66      1.00      0.80       164
           R       0.50      0.70      0.58       144
           S       0.82      0.71      0.76       246
           T       0.82      0.79      0.80       248
           U       0.74      0.57      0.65       266
           V       0.78      0.77      0.77       346
           W       0.57      0.72      0.64       206
           X       0.79      0.88      0.83       267
           Y       0.74      0.74      0.74       332

    accuracy                           0.84      7172
   macro avg       0.83      0.83      0.82      7172
weighted avg       0.85      0.84      0.84      7172
